# unix_time, cycles_done, cur_path, paths_total, pending_total, pending_favs, map_size, unique_crashes, unique_hangs, max_depth, execs_per_sec
1638553553, 0, 0, 1, 1, 1, 0.45%, 0, 0, 1, 0.49
1638554499, 0, 0, 2, 2, 1, 0.47%, 0, 0, 2, 28.17
1638554504, 0, 0, 5, 5, 1, 0.48%, 0, 0, 2, 30.50
1638554652, 0, 0, 7, 7, 1, 0.48%, 0, 0, 2, 0.47
1638554690, 0, 0, 9, 9, 1, 0.49%, 0, 0, 2, 0.48
1638554716, 0, 0, 11, 11, 1, 0.49%, 0, 0, 2, 0.47
1638554742, 0, 0, 13, 13, 1, 0.50%, 0, 0, 2, 0.47
1638554767, 0, 0, 14, 14, 1, 0.50%, 0, 0, 2, 1.36
1638554783, 0, 0, 15, 15, 1, 0.51%, 0, 0, 2, 1.04
1638554802, 0, 0, 16, 16, 1, 0.51%, 0, 0, 2, 0.80
1638554821, 0, 0, 17, 17, 1, 0.51%, 0, 0, 2, 0.65
1638554840, 0, 0, 18, 18, 1, 0.51%, 0, 0, 2, 0.57
1638554860, 0, 0, 19, 19, 1, 0.51%, 0, 0, 2, 0.52
1638554879, 0, 0, 20, 20, 1, 0.51%, 0, 0, 2, 0.50
1638554905, 0, 0, 21, 21, 1, 0.51%, 0, 0, 2, 0.48
1638554923, 0, 0, 22, 22, 1, 0.51%, 0, 0, 2, 0.48
1638554943, 0, 0, 23, 23, 1, 0.51%, 0, 0, 2, 0.47
1638554965, 0, 0, 24, 24, 1, 0.51%, 0, 0, 2, 0.43
1638554995, 0, 0, 24, 24, 1, 0.51%, 1, 0, 2, 0.59
1638555237, 0, 0, 26, 26, 1, 0.51%, 1, 0, 2, 45.88
1638555242, 0, 0, 27, 27, 1, 0.51%, 1, 0, 2, 3.85
1638555248, 0, 0, 27, 27, 1, 0.51%, 2, 0, 2, 3.33
1638555333, 0, 0, 28, 28, 1, 0.51%, 2, 0, 2, 1.71
1638555344, 0, 0, 29, 29, 1, 0.54%, 2, 0, 2, 1.32
1638555355, 0, 0, 30, 30, 1, 0.54%, 2, 0, 2, 1.11
1638555361, 0, 0, 31, 31, 1, 0.54%, 2, 0, 2, 1.05
1638555378, 0, 0, 32, 32, 1, 0.54%, 2, 0, 2, 0.95
1638555400, 0, 0, 33, 33, 1, 0.54%, 2, 0, 2, 0.91
1638555451, 0, 0, 34, 34, 1, 0.54%, 2, 0, 2, 36.46
1638555616, 0, 0, 35, 35, 1, 0.55%, 2, 0, 2, 0.89
